sh600000 12 9 4 0.991957104558
sh600000 12 10 4 0.991957104558
sh600000 12 11 4 0.991957104558
sh600000 12 12 4 0.991957104558
sh600001 9 9 4 1.0
sh600001 9 9 5 1.0
sh600001 9 9 6 1.0
sh600001 9 9 7 1.0
sh600001 9 9 8 1.0
sh600001 9 9 9 1.0
sh600001 9 9 10 1.0
sh600001 9 10 4 1.0
sh600001 9 10 5 1.0
sh600001 9 10 6 1.0
sh600001 9 10 7 1.0
sh600001 9 10 8 1.0
sh600001 9 10 9 1.0
sh600001 9 10 10 1.0
sh600001 9 11 4 1.0
sh600001 9 11 5 1.0
sh600001 9 11 6 1.0
sh600001 9 11 7 1.0
sh600001 9 11 8 1.0
sh600001 9 11 9 1.0
sh600001 9 11 10 1.0
sh600001 9 12 4 1.0
sh600001 9 12 5 1.0
sh600001 9 12 6 1.0
sh600001 9 12 7 1.0
sh600001 9 12 8 1.0
sh600001 9 12 9 1.0
sh600001 9 12 10 1.0
sh600001 10 9 4 1.0
sh600001 10 9 5 1.0
sh600001 10 9 6 1.0
sh600001 10 9 7 1.0
sh600001 10 9 8 1.0
sh600001 10 9 9 1.0
sh600001 10 9 10 1.0
sh600001 10 10 4 1.0
sh600001 10 10 5 1.0
sh600001 10 10 6 1.0
sh600001 10 10 7 1.0
sh600001 10 10 8 1.0
sh600001 10 10 9 1.0
sh600001 10 10 10 1.0
sh600001 10 11 4 1.0
sh600001 10 11 5 1.0
sh600001 10 11 6 1.0
sh600001 10 11 7 1.0
sh600001 10 11 8 1.0
sh600001 10 11 9 1.0
sh600001 10 11 10 1.0
sh600001 10 12 4 1.0
sh600001 10 12 5 1.0
sh600001 10 12 6 1.0
sh600001 10 12 7 1.0
sh600001 10 12 8 1.0
sh600001 10 12 9 1.0
sh600001 10 12 10 1.0
sh600001 11 9 4 1.0
sh600001 11 9 5 1.0
sh600001 11 9 6 1.0
sh600001 11 9 7 1.0
sh600001 11 9 8 1.0
sh600001 11 9 9 1.0
sh600001 11 9 10 1.0
sh600001 11 10 4 1.0
sh600001 11 10 5 1.0
sh600001 11 10 6 1.0
sh600001 11 10 7 1.0
sh600001 11 10 8 1.0
sh600001 11 10 9 1.0
sh600001 11 10 10 1.0
sh600001 11 11 4 1.0
sh600001 11 11 5 1.0
sh600001 11 11 6 1.0
sh600001 11 11 7 1.0
sh600001 11 11 8 1.0
sh600001 11 11 9 1.0
sh600001 11 11 10 1.0
sh600001 11 12 4 1.0
sh600001 11 12 5 1.0
sh600001 11 12 6 1.0
sh600001 11 12 7 1.0
sh600001 11 12 8 1.0
sh600001 11 12 9 1.0
sh600001 11 12 10 1.0
sh600001 12 9 4 1.0
sh600001 12 9 5 1.0
sh600001 12 9 6 1.0
sh600001 12 9 7 1.0
sh600001 12 9 8 1.0
sh600001 12 9 9 1.0
sh600001 12 9 10 1.0
sh600001 12 10 4 1.0
sh600001 12 10 5 1.0
sh600001 12 10 6 1.0
sh600001 12 10 7 1.0
sh600001 12 10 8 1.0
sh600001 12 10 9 1.0
sh600001 12 10 10 1.0
sh600001 12 11 4 1.0
sh600001 12 11 5 1.0
sh600001 12 11 6 1.0
sh600001 12 11 7 1.0
sh600001 12 11 8 1.0
sh600001 12 11 9 1.0
sh600001 12 11 10 1.0
sh600001 12 12 4 1.0
sh600001 12 12 5 1.0
sh600001 12 12 6 1.0
sh600001 12 12 7 1.0
sh600001 12 12 8 1.0
sh600001 12 12 9 1.0
sh600001 12 12 10 1.0
sh600002 9 9 4 1.0
sh600002 9 9 5 1.0
sh600002 9 9 6 1.0
sh600002 9 9 7 1.0
sh600002 9 9 8 1.0
sh600002 9 9 9 1.0
sh600002 9 9 10 1.0
sh600002 9 10 4 1.0
sh600002 9 10 5 1.0
sh600002 9 10 6 1.0
sh600002 9 10 7 1.0
sh600002 9 10 8 1.0
sh600002 9 10 9 1.0
sh600002 9 10 10 1.0
sh600002 9 11 4 1.0
sh600002 9 11 5 1.0
sh600002 9 11 6 1.0
sh600002 9 11 7 1.0
sh600002 9 11 8 1.0
sh600002 9 11 9 1.0
sh600002 9 11 10 1.0
sh600002 9 12 4 1.0
sh600002 9 12 5 1.0
sh600002 9 12 6 1.0
sh600002 9 12 7 1.0
sh600002 9 12 8 1.0
sh600002 9 12 9 1.0
sh600002 9 12 10 1.0
sh600002 10 9 4 1.0
sh600002 10 9 5 1.0
sh600002 10 9 6 1.0
sh600002 10 9 7 1.0
sh600002 10 9 8 1.0
sh600002 10 9 9 1.0
sh600002 10 9 10 1.0
sh600002 10 10 4 1.0
sh600002 10 10 5 1.0
sh600002 10 10 6 1.0
sh600002 10 10 7 1.0
sh600002 10 10 8 1.0
sh600002 10 10 9 1.0
sh600002 10 10 10 1.0
sh600002 10 11 4 1.0
sh600002 10 11 5 1.0
sh600002 10 11 6 1.0
sh600002 10 11 7 1.0
sh600002 10 11 8 1.0
sh600002 10 11 9 1.0
sh600002 10 11 10 1.0
sh600002 10 12 4 1.0
sh600002 10 12 5 1.0
sh600002 10 12 6 1.0
sh600002 10 12 7 1.0
sh600002 10 12 8 1.0
sh600002 10 12 9 1.0
sh600002 10 12 10 1.0
sh600002 11 9 4 1.0
sh600002 11 9 5 1.0
sh600002 11 9 6 1.0
sh600002 11 9 7 1.0
sh600002 11 9 8 1.0
sh600002 11 9 9 1.0
sh600002 11 9 10 1.0
sh600002 11 10 4 1.0
sh600002 11 10 5 1.0
sh600002 11 10 6 1.0
sh600002 11 10 7 1.0
sh600002 11 10 8 1.0
sh600002 11 10 9 1.0
sh600002 11 10 10 1.0
sh600002 11 11 4 1.0
sh600002 11 11 5 1.0
sh600002 11 11 6 1.0
sh600002 11 11 7 1.0
sh600002 11 11 8 1.0
sh600002 11 11 9 1.0
sh600002 11 11 10 1.0
sh600002 11 12 4 1.0
sh600002 11 12 5 1.0
sh600002 11 12 6 1.0
sh600002 11 12 7 1.0
sh600002 11 12 8 1.0
sh600002 11 12 9 1.0
sh600002 11 12 10 1.0
sh600002 12 9 4 1.0
sh600002 12 9 5 1.0
sh600002 12 9 6 1.0
sh600002 12 9 7 1.0
sh600002 12 9 8 1.0
sh600002 12 9 9 1.0
sh600002 12 9 10 1.0
sh600002 12 10 4 1.0
sh600002 12 10 5 1.0
sh600002 12 10 6 1.0
sh600002 12 10 7 1.0
sh600002 12 10 8 1.0
sh600002 12 10 9 1.0
sh600002 12 10 10 1.0
sh600002 12 11 4 1.0
sh600002 12 11 5 1.0
sh600002 12 11 6 1.0
sh600002 12 11 7 1.0
sh600002 12 11 8 1.0
sh600002 12 11 9 1.0
sh600002 12 11 10 1.0
sh600002 12 12 4 1.0
sh600002 12 12 5 1.0
sh600002 12 12 6 1.0
sh600002 12 12 7 1.0
sh600002 12 12 8 1.0
sh600002 12 12 9 1.0
sh600002 12 12 10 1.0
